151.00 	21.41	23.32166667	22.3118	-2	-1	25.88866667	1.818637247	25.16303136
152.00 	20.24333333	25.49666667	23.29083333	-1	1	25.63748543	2.358651024	145.0208289
153.00 	19.915	23.03666667	21.02576389	-1	1	21.70625	1.642767505	81.34561349
154.00 	19.59	24.53666667	21.96486111	-1	1	21.20675996	1.822005896	92.79793765
155.00 	20.27166667	27.3	22.87388889	0	1	22.21694834	2.309029755	177.6483256
156.00 	19.99666667	28.53	24.12796257	0	1	24.39166667	2.85508805	233.3800864
157.00 	21.39833333	30.70166667	25.54731009	0	-1	7.784848485	11.23311008	192.438839
158.00 	21.39166667	27.83833333	24.21833333	0	-1	0.3	0	125.1158354
159.00 	20.81666667	27.39166667	23.47902778	0	1	14.98888889	13.02261357	151.8006857
160.00 	21.39	27.70166667	23.79923611	-1	1	22.64340278	11.32681584	207.3758827
161.00 	21.21333333	28.33833333	24.36159722	0	1	26.33368056	1.615953973	215.988181
162.00 	21.16	29.105	24.82770833	0	1	23.42847222	2.347791537	232.0758543
163.00 	21.195	33.05833333	27.37618056	0	1	22.46520736	3.088276617	211.7761916
164.00 	24.06833333	34.96	29.06951389	0	-1	20.75381944	3.784916335	201.6002768
165.00 	23.88	29.82666667	26.54680556	-2	-1	20.29201389	2.874093513	128.4196178
166.00 	22.45666667	24.845	23.53069444	-2	1	22.39826389	3.656923798	34.79588155
167.00 	21.395	23.72333333	22.68673611	-2	1	21.14569444	3.297677851	40.29410571
168.00 	20.94666667	25.47166667	22.55513889	-1	1	18.90894002	2.07282779	74.95262173
169.00 	20.945	27.67666667	24.22152778	-2	1	20.91006944	3.981229342	132.4243059
170.00 	22.825	25.47166667	23.89194444	-2	1	19.3661859	2.047270135	42.74075011
171.00 	20.85833333	23.49	22.27826389	-2	-1	18.99479167	2.223507224	26.31902311
172.00 	20.56833333	26.03	22.71527778	-1	-1	19.06319444	2.638947781	91.26463889
173.00 	21.17833333	26.34833333	23.15041667	-2	1	21.71006944	3.373543682	76.36287576
174.00 	21.42666667	29.89333333	25.37222222	-1	1	25.00988005	2.420393926	221.0202789
175.00 	19.91166667	24.435	22.24173611	-2	1	22.91319446	1.614629515	37.90605741
176.00 	20.69166667	22.66666667	21.89576742	-2	1	20.88873106	2.170082287	21.6257136
177.00 	20.45666667	23.36333333	22.00994194	-2	1	19.54284723	2.75952144	42.62476103
178.00 	20.605	30.80166667	25.13763889	-1	-1	20.21805558	2.649966554	142.1972375
179.00 	22.22333333	31.94	26.50145833	-1	-1	20.22516521	1.750544147	132.0773522
180.00 	22.25666667	28.86166667	24.36631944	-2	1	21.56901953	2.384799616	130.9188946
181.00 	20.68333333	23.46	22.45895833	-2	1	20.92504371	2.859358844	132.0773522
182.00 	22.695	26.5	24.70777778	-2	1	21.33993057	2.773510582	132.0773522
183.00 	23.17833333	30.805	26.08201389	0	1	22.57048611	2.452158148	132.0773522
184.00 	21.67166667	26.9	24.23375	-2	1	22.27578914	2.122978155	132.0773522
185.00 	23.03833333	28.28333333	25.95743056	-2	-1	20.50833333	2.234784841	132.0773522
186.00 	22.59166667	27.72	25.40534722	-1	-1	20.99513889	1.988992834	132.0773522
187.00 	23.03166667	30.26166667	26.01215278	0	1	22.74930556	3.245880813	132.0773522
188.00 	23.24666667	30.66666667	26.1228637	-2	1	25.67534722	2.508787069	132.0773522
189.00 	24.33	30.52666667	27.83086982	0	1	25.38020833	2.487158823	132.0773522
190.00 	25.34666667	34.90333333	30.09131944	-2	1	26.43520833	2.157795625	132.0773522
191.00 	26.93	34.49333333	29.30583333	-2	1	27.25243056	1.528871658	132.0773522
192.00 	24.84166667	36.46333333	28.94305556	-2	-1	28.05520833	0.096145914	132.0773522
193.00 	23.32333333	26.87333333	24.83125	-2	-1	26.01493056	2.760502539	132.0773522
194.00 	23.98333333	31.085	27.27340278	-2	1	27.00423223	1.960316586	132.0773522
195.00 	20.86	25.23666667	23.32541667	-2	1	26.93458625	2.026570374	132.0773522
196.00 	23.97666667	32.35166667	28.16854167	-2	1	27.66404672	0.967779261	132.0773522
197.00 	26.90666667	34.15	30.03180556	0	1	28.18168949	0.151928942	132.0773522
198.00 	27.72833333	33.65	30.18284722	0	1	28.29895833	0.132886763	132.0773522
199.00 	27.86333333	34.46666667	30.36090278	0	-1	28.26975524	0.093298372	132.0773522
200.00 	26.785	37.205	31.22479167	0	-1	28.32385635	0.089628532	132.0773522
201.00 	27.17833333	35.535	30.93679967	0	1	31.52919823	5.72262912	132.0773522
202.00 	27.50833333	36.10166667	30.97826389	0	1	32.38880633	4.757217285	309.1454849
203.00 	28.065	34.99833333	31.44041667	-2	1	36.42847222	4.014710207	273.4265269
204.00 	28.98666667	33.45666667	30.68520833	-2	1	39.85520833	4.920239314	160.0260211
205.00 	27.94833333	32.14833333	29.758125	-2	1	37.78923854	4.642513851	83.4187373
206.00 	26.46	33.55	28.92506944	-2	-1	29.78784479	1.512843015	148.3214172
207.00 	23.58	31.86	27.57145833	-2	-1	31.70833333	2.666841027	161.5735273
208.00 	24.54666667	33.085	28.63673611	-2	1	33.29583333	3.092545971	154.5664394
209.00 	27.08333333	34.55166667	30.57652778	0	1	34.96810655	4.210022839	243.6827817
210.00 	27.65333333	35.35666667	30.96618056	0	1	36.44236111	4.138478504	284.9735049
211.00 	27.605	33.41833333	30.20506944	-2	1	37.68213384	3.862324559	202.6525924
212.00 	25.6	27.28166667	26.23416667	-2	1	33.32868833	2.664758002	35.30725554
213.00 	25.06666667	29.425	26.91923611	-2	-1	30.87710276	0.676261244	69.71304101
214.00 	26.85833333	35.435	30.50833333	-2	-1	31.09428662	0.999101509	192.6087007
215.00 	27.90333333	37.41666667	32.34729167	0	1	35.69732906	4.429736276	177.4412204
216.00 	27.915	36.97833333	31.780625	0	1	37.4084426	5.001582347	277.1150833
217.00 	27.90333333	35.40175439	31.11680921	0	1	38.12449009	4.561647643	239.3675475
218.00 	27.525	34.69833333	30.27254944	0	1	34.6478681	4.073382106	247.2692866
219.00 	26.28166667	30.18333333	28.45368056	-2	1	31.53796447	2.084834778	61.63088023
220.00 	24.98	26.40666667	25.82027778	-2	-1	29.01739268	1.904623913	35.7131623
221.00 	24.98166667	29.07666667	26.25631944	-2	-1	22.1149586	11.11405474	96.1500115
222.00 	24.07833333	30.53166667	27.18166667	-1	1	16.72170588	14.09311699	209.7921093
223.00 	24.52333333	27.855	26.00743056	-2	1	18.15347222	14.40504347	42.44634227
224.00 	25.64	31.75666667	28.04722222	-2	1	18.68854167	14.74715006	210.7679827
225.00 	23.88	29.23833333	25.86777778	-2	1	18.90180861	15.01628653	68.51219579
226.00 	23.79166667	27.52	25.47701389	0	1	17.92957702	14.20741139	51.88046167
227.00 	24.29666667	29.18666667	26.33638889	-2	-1	14.43645833	13.50316048	120.9490189
228.00 	21.97666667	24.43833333	22.98055556	-2	-1	14.37048611	13.6778829	32.07275881
229.00 	22.66166667	25.65	23.49520833	-2	1	16.56666667	13.27180505	38.37922687
230.00 	21.69	23.45666667	22.67683498	-2	1	15.89722222	12.69840338	39.016681
231.00 	21.80166667	33.395	23.69173611	-1	1	15.21698232	12.28779468	27.07332732
232.00 	21.01666667	37.39	29.63484463	0	1	15.02326389	12.13502834	206.4474266
233.00 	26.39333333	31.29833333	28.23986111	-1	1	16.86215278	13.41349926	152.2193179
234.00 	25.94	32.95666667	28.58097222	-1	-1	14.121875	13.51241508	159.578094
235.00 	25.22	34.825	30.15597222	-2	-1	14.984375	14.15218512	172.8439592
236.00 	24.65833333	30.52	27.05208333	0	1	18.08400107	14.41638034	109.8514027
237.00 	22.13666667	30.74	26.90604167	-2	1	17.84624369	14.18457103	126.0543771
238.00 	21.04333333	24.50833333	23.57069444	-2	1	16.40381944	13.2514378	33.49937678
239.00 	22.83333333	30.085	25.82131944	-2	1	17.25520833	13.72933313	135.7625767
240.00 	23.61333333	32.515	27.04020833	-2	1	16.91642628	13.53876155	65.02300381
241.00 	24.17333333	30.14666667	26.50506944	-1	-1	12.95277778	12.16818451	219.6410626
242.00 	23.96	34.41333333	26.84159722	-2	-1	13.53680556	12.63761851	114.5419682
243.00 	24.46333333	29.79	26.85685852	-1	1	17.50841346	13.65302153	139.3241168
244.00 	23.38333333	33.01333333	27.80477401	-2	1	17.56458333	13.69694998	197.6152286
245.00 	22	27	24.41666667	-2	1	16.90486111	13.24002175	53.73686114
246.00 	21	29	24.79166667	0	1	14.64965278	11.62827105	161.8979718
247.00 	23	30	26.625	-2	1	16.16493056	12.80536878	237.316902
248.00 	24.18166667	30	26.88256944	0	-1	10.40138889	9.710722219	147.9135006
249.00 	23.46166667	31.33833333	26.65544492	0	-1	10.45243056	9.734272736	204.8546418
250.00 	23.845	31.35833333	26.81262476	0	-1	13.12986111	10.32846774	151.0576565
251.00 	24.91833333	31.23333333	27.04590278	-2	1	17.1046131	13.37802593	167.6442305
252.00 	23.82	28.40666667	25.69201389	-2	1	16.59679002	13.06333938	96.22945986
253.00 	23.27666667	28.37666667	25.48236111	-2	1	15.46872329	12.12039922	175.5530677
254.00 	23.985	26.77	25.12395833	-2	1	15.29340278	12.16893467	46.4917415
255.00 	22.565	23.85333333	23.24333333	-2	-1	10.37534722	9.743733425	27.916212
256.00 	23.245	27.76666667	24.94144539	-1	-1	10.03055556	9.329651081	132.6123937
257.00 	22.92166667	28.32	25.06583333	0	1	14.10277778	11.08659009	207.3794434
258.00 	22.41333333	28.50166667	25.05506944	-1	1	15.10753968	11.89737372	136.446987
259.00 	23.84333333	28.335	25.22972222	-2	1	15.10625	11.87120452	106.7681805
260.00 	19.79166667	23.89	21.41326389	-2	1	11.71423611	9.438882502	26.47879334
261.00 	18.61833333	20.6	19.64368056	-2	1	10.25520833	8.161896275	37.01861374
262.00 	19.065	26.63	22.52555556	0	-1	9.222916667	8.585220086	150.8564533
263.00 	21.72666667	27.25833333	24.07763889	-2	-1	8.854419192	8.286416439	146.3248621
264.00 	22.30833333	24.08166667	23.32756944	-2	1	11.55061432	9.155624785	26.25751161
265.00 	22.99333333	25.17666667	23.966875	-2	1	13.97152778	11.19337977	33.28396306
266.00 	19.93833333	26.495	23.2680787	-2	1	12.37152778	9.942410233	85.00632369
267.00 	19.29333333	28.91333333	23.97756944	0	1	12.39479167	9.803589815	229.7490366
268.00 	21.28333333	28.27666667	24.34104167	0	1	12.26663996	9.715334329	164.7507396
269.00 	22.53833333	30.13	25.45375	0	-1	10.88854167	10.192373	168.229861
270.00 	22.73666667	30.04	25.56555556	-1	-1	14.33501603	13.37385069	226.3952725
271.00 	22.95166667	32.04666667	26.32034722	-2	1	16.79861111	13.20417691	153.8063977
272.00 	17	22.86	20.70152937	-2	1	11.73369565	9.128238487	41.65577199
